regrets: [
k = 1
from experiment(10,000 trials)
[-0.0, 0.024, 0.043, 0.059, 0.074, 0.087, 0.102, 0.115, 0.127, 0.139,
0.153, 0.163, 0.176, 0.188, 0.199, 0.213, 0.225, 0.237, 0.25, 0.262, 0.272, 0.283, 0.296, 0.306, 0.318, 0.329, 0.34, 0.35, 0.362, 0.375, 0.388, 0.396, 0.408, 0.419, 0.43, 0.441, 0.452, 0.462, 0.474, 0.486, 0.494, 0.504, 0.514, 0.525, 0.535, 0.545, 0.554, 0.564, 0.575, 0.584, 0.594, 0.603, 0.613, 0.623, 0.634, 0.645, 0.654, 0.664, 0.675, 0.685, 0.694, 0.705, 0.714, 0.725, 0.734, 0.744, 0.753, 0.764, 0.776, 0.785, 0.796, 0.807, 0.818, 0.828, 0.837, 0.847, 0.857, 0.868, 0.88, 0.89, 0.899, 0.909, 0.917, 0.925, 0.936, 0.946, 0.956, 0.968, 0.977, 0.988, 1.0, 1.011, 1.02, 1.03, 1.042, 1.052, 1.06, 1.07, 1.08, 1.089, 1.1, 1.11, 1.121, 1.13, 1.142, 1.153, 1.162, 1.172, 1.182, 1.193, 1.205, 1.214, 1.225, 1.235, 1.245, 1.255, 1.267, 1.278, 1.289, 1.299, 1.309, 1.319, 1.33, 1.341, 1.351, 1.359, 1.369, 1.38, 1.389, 1.399, 1.409, 1.42, 1.43, 1.441, 1.453, 1.462, 1.473, 1.483, 1.493, 1.505, 1.514, 1.523, 1.534, 1.545, 1.555, 1.565, 1.573, 1.585, 1.595, 1.603, 1.613, 1.622, 1.633, 1.644, 1.654, 1.664, 1.673, 1.684, 1.696, 1.706, 1.717, 1.728, 1.738, 1.748, 1.759, 1.768, 1.777, 1.789, 1.798, 1.81, 1.821, 1.831, 1.84, 1.851, 1.861, 1.871, 1.884, 1.894, 1.904, 1.914, 1.926, 1.936, 1.947, 1.957, 1.968, 1.977, 1.988, 1.998, 2.007, 2.017, 2.027, 2.038, 2.048, 2.059, 2.069, 2.077, 2.088, 2.096, 2.106, 2.116, 2.128, 2.136, 2.145, 2.153, 2.164, 2.175, 2.185, 2.195, 2.205, 2.214, 2.224, 2.232, 2.24, 2.249, 2.259, 2.267, 2.277, 2.288, 2.298, 2.307, 2.316, 2.327, 2.339, 2.348, 2.36, 2.37, 2.379, 2.39, 2.4, 2.409, 2.419, 2.428, 2.439, 2.449, 2.46, 2.47, 2.479, 2.489, 2.499, 2.51, 2.522, 2.533, 2.542, 2.554, 2.564, 2.573, 2.582, 2.593, 2.602, 2.613, 2.622, 2.632, 2.641, 2.653, 2.663, 2.672, 2.681, 2.69, 2.7, 2.712, 2.721, 2.733, 2.743, 2.751, 2.762, 2.773, 2.782, 2.791, 2.803, 2.813, 2.824, 2.832, 2.841, 2.852, 2.864, 2.873, 2.882, 2.892, 2.903, 2.914, 2.925, 2.935, 2.942, 2.952, 2.961, 2.97, 2.979, 2.988, 2.999, 3.009, 3.02, 3.029, 3.038, 3.048, 3.058, 3.069, 3.078, 3.086, 3.096, 3.108],

from experiment(100,000 trials)
[-0.001, 0.024, 0.043, 0.06, 0.076, 0.091, 0.105, 0.119, 0.132, 0.144,
0.157, 0.169, 0.182, 0.193, 0.205, 0.217, 0.228, 0.239, 0.25, 0.261, 0.272, 0.282, 0.293, 0.304, 0.315, 0.325, 0.336, 0.346, 0.357, 0.367]

from computation EGProb
[         0.         0.02397501 0.04066966 0.0524345  0.06082513
 0.0668762  0.07128092 0.07451175 0.07689639 0.07866557 0.07998382
 0.08096967 0.08170922 0.08226551 0.08268493 0.08300179 0.08324161
 0.08342341 0.08356142 0.08366633 0.08374616 0.08380698 0.08385336
 0.08388876 0.0839158  0.08393646 0.08395227 0.08396437 0.08397364
 0.08398074 0.08398619 0.08399036 0.08399357 0.08399603 0.08399792
 0.08399937 0.08400049 0.08400135 0.08400201 0.08400252 0.08400291
 0.08400321 0.08400344 0.08400362 0.08400376 0.08400386 0.08400394
 0.08400401 0.08400405 0.08400409 0.08400412 0.08400414 0.08400416
 0.08400417 0.08400418 0.08400419 0.0840042  0.0840042  0.08400421
 0.08400421 0.08400421 0.08400421 0.08400421 0.08400422 0.08400422
 0.08400422 0.08400422 0.08400422 0.08400422 0.08400422 0.08400422
 0.08400422 0.08400422 0.08400422 0.08400422 0.08400422 0.08400422
 0.08400422 0.08400422 0.08400422 0.08400422 0.08400422 0.08400422
 0.08400422 0.08400422 0.08400422 0.08400422 0.08400422 0.08400422
 0.08400422 0.08400422 0.08400422 0.08400422 0.08400422 0.08400422
 0.08400422 0.08400422 0.08400422 0.08400422 0.08400422 0.08400422
 0.08400422 0.08400422 0.08400422 0.08400422 0.08400422 0.08400422
 0.08400422 0.08400422 0.08400422 0.08400422 0.08400422 0.08400422
 0.08400422 0.08400422 0.08400422 0.08400422 0.08400422 0.08400422
 0.08400422 0.08400422 0.08400422 0.08400422 0.08400422 0.08400422
 0.08400422 0.08400422 0.08400422 0.08400422 0.08400422 0.08400422
 0.08400422 0.08400422 0.08400422 0.08400422 0.08400422 0.08400422
 0.08400422 0.08400422 0.08400422 0.08400422 0.08400422 0.08400422
 0.08400422 0.08400422 0.08400422 0.08400422 0.08400422 0.08400422
 0.08400422 0.08400422 0.08400422 0.08400422 0.08400422 0.08400422
 0.08400422 0.08400422 0.08400422 0.08400422 0.08400422 0.08400422
 0.08400422 0.08400422 0.08400422 0.08400422 0.08400422 0.08400422
 0.08400422 0.08400422 0.08400422 0.08400422 0.08400422 0.08400422
 0.08400422 0.08400422 0.08400422 0.08400422 0.08400422 0.08400422
 0.08400422 0.08400422 0.08400422 0.08400422 0.08400422 0.08400422
 0.08400422 0.08400422 0.08400422 0.08400422 0.08400422 0.08400422
 0.08400422 0.08400422 0.08400422 0.08400422 0.08400422 0.08400422
 0.08400422 0.08400422 0.08400422 0.08400422 0.08400422 0.08400422
 0.08400422 0.08400422 0.08400422 0.08400422 0.08400422 0.08400422
 0.08400422 0.08400422 0.08400422 0.08400422 0.08400422 0.08400422
 0.08400422 0.08400422 0.08400422 0.08400422 0.08400422 0.08400422
 0.08400422 0.08400422 0.08400422 0.08400422 0.08400422 0.08400422
 0.08400422 0.08400422 0.08400422 0.08400422 0.08400422 0.08400422
 0.08400422 0.08400422 0.08400422 0.08400422 0.08400422 0.08400422
 0.08400422 0.08400422 0.08400422 0.08400422 0.08400422 0.08400422
 0.08400422 0.08400422 0.08400422 0.08400422 0.08400422 0.08400422
 0.08400422 0.08400422 0.08400422 0.08400422 0.08400422 0.08400422
 0.08400422 0.08400422 0.08400422 0.08400422 0.08400422 0.08400422
 0.08400422 0.08400422 0.08400422 0.08400422 0.08400422 0.08400422
 0.08400422 0.08400422 0.08400422 0.08400422 0.08400422 0.08400422
 0.08400422 0.08400422 0.08400422 0.08400422 0.08400422 0.08400422
 0.08400422 0.08400422 0.08400422 0.08400422 0.08400422 0.08400422
 0.08400422 0.08400422 0.08400422 0.08400422 0.08400422 0.08400422
 0.08400422 0.08400422 0.08400422 0.08400422 0.08400422 0.08400422]



[0.2363, 0.2075, 0.1829]

From computation EGProb



# No free pull
from experimets(100,000 trials)
[-0.0, 0.101, 0.125, 0.145, 0.164,
0.18, 0.195, 0.21, 0.224, 0.236,
0.249, 0.261, 0.272, 0.284, 0.296,
0.307, 0.317, 0.328, 0.339, 0.349,
0.359, 0.37, 0.38, 0.389, 0.4,
 0.41, 0.419, 0.429, 0.439, 0.448]


from computation
[         0.         0.1        0.12397501 0.14468582 0.1628077
 0.17893057 0.1934833  0.20677217 0.21902035 0.23039492

 0.24102425 0.25100927 0.26043082 0.26935484 0.27783583 0.28591943
 0.29364431 0.3010435  0.30814552 0.31497513 0.32155402 0.32790129

 0.33403385 0.33996677 0.34571352 0.35128622 0.35669578 0.3619521
 0.36706417 0.37204019 0.37688766 0.38161345 0.38622388 0.39072477 0.39512151
 0.39941909 0.40362212 0.40773491 0.41176145 0.4157055  0.41957053
 0.42335983 0.42707644 0.43072326 0.43430298 0.43781816 0.4412712
 0.44466435 0.44799978 0.45127949 0.45450542 0.45767937 0.46080309
 0.46387819 0.46690625 0.46988875 0.4728271  0.47572264 0.47857666
 0.4813904  0.48416501 0.48690162 0.4896013  0.49226507 0.49489393
 0.49748881 0.50005061 0.50258021 0.50507843 0.50754608 0.50998393
 0.51239271 0.51477314 0.51712591 0.51945167 0.52175107 0.52402472
 0.52627321 0.52849711 0.53069698 0.53287335 0.53502674 0.53715764
 0.53926654 0.5413539  0.54342018 0.54546581 0.54749122 0.54949681
 0.551483   0.55345015 0.55539865 0.55732886 0.55924113 0.5611358
 0.56301321 0.56487368 0.56671752 0.56854504 0.57035654 0.5721523
 0.5739326  0.57569771 0.57744791 0.57918345 0.58090458 0.58261155
 0.5843046  0.58598396 0.58764985 0.5893025  0.59094212 0.59256893
 0.59418313 0.59578492 0.5973745  0.59895205 0.60051777 0.60207183
 0.60361441 0.60514569 0.60666584 0.60817502 0.60967339 0.61116112
 0.61263835 0.61410525 0.61556195 0.6170086  0.61844535 0.61987234
 0.62128969 0.62269755 0.62409604 0.62548529 0.62686543 0.62823658
 0.62959885 0.63095237 0.63229725 0.63363361 0.63496155 0.63628118
 0.63759261 0.63889595 0.64019129 0.64147874 0.64275839 0.64403035
 0.6452947  0.64655154 0.64780096 0.64904305 0.6502779  0.65150559
 0.65272622 0.65393985 0.65514659 0.65634649 0.65753965 0.65872614
 0.65990604 0.66107942 0.66224636 0.66340693 0.6645612  0.66570923
 0.66685111 0.66798689 0.66911664 0.67024044 0.67135833 0.67247039
 0.67357668 0.67467726 0.67577218 0.67686152 0.67794532 0.67902365
 0.68009656 0.68116411 0.68222634 0.68328332 0.68433511 0.68538174
 0.68642327 0.68745976 0.68849125 0.6895178  0.69053944 0.69155624
 0.69256822 0.69357546 0.69457798 0.69557583 0.69656906 0.69755771
 0.69854182 0.69952144 0.70049661 0.70146737 0.70243377 0.70339583
 0.7043536  0.70530712 0.70625643 0.70720157 0.70814256 0.70907946
 0.7100123  0.71094111 0.71186593 0.71278679 0.71370373 0.71461678
 0.71552598 0.71643135 0.71733294 0.71823077 0.71912488 0.7200153
 0.72090205 0.72178518 0.7226647  0.72354066 0.72441307 0.72528197
 0.72614739 0.72700936 0.7278679  0.72872304 0.72957481 0.73042324
 0.73126835 0.73211017 0.73294872 0.73378404 0.73461614 0.73544506
 0.73627082 0.73709343 0.73791293 0.73872935 0.73954269 0.740353
 0.74116028 0.74196457 0.74276589 0.74356425 0.74435969 0.74515222
 0.74594186 0.74672864 0.74751257 0.74829369 0.749072   0.74984753
 0.7506203  0.75139034 0.75215765 0.75292226 0.75368419 0.75444345
 0.75520008 0.75595408 0.75670547 0.75745427 0.75820051 0.75894419
 0.75968534 0.76042398 0.76116011 0.76189377 0.76262496 0.7633537
 0.76408001 0.76480391 0.7655254  0.76624452 0.76696127 0.76767567
 0.76838774 0.76909749 0.76980494 0.77051009 0.77121298 0.77191361
 0.77261199 0.77330814 0.77400209 0.77469383 0.77538338 0.77607077
 0.77675599 0.77743908 0.77812003 0.77879887 0.7794756  0.78015025]



